5740326
50
1613
50
744708
90
1212
40
566837
50
1513
40
678636
40
1142
30
545357
50
1403
40
677984
40
1122
40
556809
40
1392
40
685648
51
1162
40
353039
30
912
20
428720
30
702
30
362607
30
982
20
432046
40
782
31
369038
20
1032
20
427246
30
722
20
389316
50
882
20
2078486
30
912
20
425463
60
852
20
501455
30
872
20
436545
20
771
30
516433
21
871
20
434300
30
792
20
522233
30
871
20
430683
30
792
20
528315
20
892
20
448807
30
791
20
533305
20
882
30
442836
30
802
20
537602
20
912
20
2493941
20
842
20
439209
30
801
20
621279
20
851
20
440502
30
772
30
639773
30
851
20
444529
30
761
30
629043
30
851
20
442856
20
791
20
630696
30
841
20
448146
31
761
20
633301
30
852
31
2621098
30
832
20
442355
20
811
30
670160
30
831
20
445160
40
772
20
672244
21
851
20
443116
30
772
20
665120
30
822
30
440061
30
751
30
665121
20
842
20
445150
30
782
20
674327
30
822
30
2685789
30
831
20
443558
30
791
30
685418
30
822
20
447053
30
852
20
682463
20
841
20
444579
20
782
20
683264
20
822
30
445751
30
741
20
689426
20
802
20
446101
30
782
20
687311
30
821
20
2700686
40
832
21
441152
20
782
20
697310
30
812
30
445831
20
791
20
689526
30
842
20
444439
30
771
20
696710
30
822
20
447424
30
751
30
692632
20
821
30
448557
30
772
20
690618
30
811
20
2718951
30
811
20
447945
20
772
20
695137
20
821
20
449869
20
802
30
692752
31
821
20
454397
30
791
20
694525
20
821
30
450821
20
781
20
695637
31
821
30
445200
30
792
30
694505
30
852
20
2739969
30
821
20
441914
20
772
20
696228
20
841
20
445261
20
792
20
696969
30
831
20
443187
30
811
20
697441
21
821
20
447885
20
801
20
696139
40
811
20
445551
30
791
20
698663
20
801
30
448246
20
781
20
697862
30
822
30
2750048
30
812
31
446743
21
811
20
720053
30
892
30
440892
50
1212
20
711326
30
822
30
446092
31
781
20
700557
30
831
30
448727
20
812
30
706016
30
842
30
449388
30
772
30
705726
30
852
30
2768464
20
871
20
444189
20
772
30
706748
30
832
30
446342
21
751
30
703232
30
831
20
448907
30
741
20
701028
30
812
20
442435
20
761
30
704824
21
801
30
448486
20
772
20
707329
20
822
20
2744428
20
852
30
447274
30
801
20
705937
30
801
30
438047
20
812
20
702591
30
822
20
440601
30
822
21
703141
30
811
30
442545
20
811
30
700426
30
812
20
447224
30
802
20
701157
30
842
30
2745790
30
802
30
888306
20
2485
30
705806
30
842
20
861597
20
2495
20
707470
30
842
20
861456
30
2695
20
703863
30
812
20
872236
20
2545
20
702710
20
802
20
872968
20
2544
20
710595
20
832
20
3278544
41
871
30
445892
30
2254
30
718850
20
822
30
445571
40
2214
20
717788
30
832
20
450099
40
2255
20
722928
50
821
30
447886
30
2224
30
715384
20
832
20
447274
31
2234
21
719421
30
831
20
2808778
40
1041
30
446703
20
2244
20
720002
30
832
30
448707
30
2384
20
715434
40
831
20
456772
30
2244
20
715584
30
842
30
456001
30
2225
20
716036
30
832
20
455340
20
2254
20
716245
20
831
20
2821011
30
842
30
446743
20
2314
30
715074
40
822
30
450851
20
2475
20
718430
30
822
30
446342
30
2484
20
714813
30
842
20
443607
20
2254
20
719963
20
831
30
446262
20
2535
20
721335
30
821
20
449649
20
2264
20
716546
30
842
20
2817134
20
832
50
447244
30
2334
20
715103
30
852
20
451222
20
2314
30
715134
20
832
30
451943
20
2325
30
713891
20
842
20
447495
20
2274
20
712589
30
852
30
448907
30
2295
20
984506
30
932
20
2854914
40
861
30
450791
20
2305
20
712970
30
852
20
450860
30
2334
30
713120
30
831
30
445921
20
2294
30
732576
40
892
30
452173
60
2485
30
716266
50
841
30
446532
30
2344
30
715714
20
841
20
447775
30
2334
30
714723
30
851
20
2800764
30
892
20
445521
20
2525
30
714583
30
852
20
453165
30
2304
20
712108
30
851
20
456692
20
2295
20
711807
30
861
20
446663
30
2324
20
711196
20
831
31
448316
30
2315
20
711968
31
811
30
450961
30
2325
30
710515
40
831
20
2808197
30
852
30
447194
30
2274
21
716476
20
862
20
451582
31
2274
20
710505
30
842
20
458576
20
2265
30
714062
40
862
20
446683
20
2444
20
711146
30
862
30
457273
20
2265
20
711417
31
841
20
2824477
30
861
20
448046
20
2485
20
711267
30
832
30
449128
30
2294
30
710234
30
831
20
447966
30
2485
20
711987
20
832
30
460899
20
2295
30
716376
30
861
20
456912
30
2405
20
715164
30
1032
30
2823686
30
832
20
451332
20
2284
20
712499
30
861
20
455139
20
2295
30
715715
31
851
20
458365
30
2274
20
720564
20
852
20
457173
20
2314
20
713681
30
842
20
458685
20
2344
20
712689
40
851
20
2807536
30
862
30
453987
30
2564
20
711958
30
842
20
451763
20
2324
20
707770
30
992
20
457534
30
2515
20
709894
30
832
20
457584
30
2274
20
707880
30
842
30
456220
21
2294
20
706968
20
822
20
2807506
30
862
20
453565
30
2314
30
709954
30
852
31
454397
20
2345
20
710845
40
851
20
458124
20
2414
30
710465
51
871
20
454678
20
2285
20
714021
20
871
20
453466
20
2264
20
704183
30
842
30
2810151
30
862
20
452794
30
2414
20
706948
30
862
30
449509
20
2445
30
702200
20
862
20
456180
20
2525
30
716837
41
851
30
458174
20
2324
20
702269
30
841
30
461160
20
2605
20
705716
30
861
20
457263
30
2284
20
710455
20
822
30
2802456
40
832
30
455619
30
2284
20
708462
20
831
20
454508
30
2585
20
707660
20
852
20
452925
20
2474
30
714593
20
851
20
456071
20
2254
20
708602
30
842
30
459056
20
2575
31
715584
40
842
20
2819167
30
832
21
454147
20
2395
20
704134
40
851
30
451912
20
2304
31
703331
20
841
30
449297
20
2304
20
703352
30
851
20
452965
20
2344
20
707570
20
832
30
458265
20
2284
20
707330
20
852
20
450481
20
2294
30
704444
30
841
21
2810511
30
842
20
460830
20
2295
30
704544
30
852
20
461600
30
2254
20
706948
20
841
20
460819
31
2394
30
712499
30
841
20
458895
30
2284
20
706297
30
831
20
457423
40
2254
30
705065
30
852
20
2817073
31
841
30
458715
30
2274
20
706869
20
841
21
454537
30
2284
20
708341
30
852
30
460629
20
2285
20
701499
20
852
20
466871
20
2284
20
706668
30
832
20
461721
30
2514
30
704494
30
861
30
2901842
30
902
20
457493
50
2264
31
706758
30
832
30
452714
30
2264
30
712859
30
851
30
453145
40
2614
30
712148
20
852
20
456311
30
2264
20
707820
30
861
20
455269
30
2264
30
718390
20
862
20
2825299
30
861
20
454558
20
2325
20
710134
31
871
20
461090
30
2344
30
708822
21
841
20
452233
30
2305
20
701067
30
841
20
447264
30
2324
30
719993
40
862
20
453025
30
2294
20
702540
30
842
20
2818687
30
871
30
451752
20
2264
30
701368
30
841
20
454177
40
2274
30
701608
20
852
20
452434
20
2275
20
709533
40
841
20
454347
41
2274
20
703772
30
841
21
455900
30
2295
20
703933
30
842
20
453756
30
2284
30
704404
30
831
20
2820891
30
822
31
454678
20
2305
30
705506
30
842
30
451592
30
2705
20
710435
30
842
20
457674
30
2265
20
700235
30
821
30
451863
20
2224
20
970560
40
882
20
485295
30
2264
20
696188
30
801
20
2813507
20
832
20
448196
30
2294
20
703733
20
812
20
458395
20
2294
20
704604
30
861
20
456943
20
2234
20
719852
40
931
30
464556
50
2425
20
709102
40
891
30
459487
30
2264
30
704143
30
841
20
2810441
50
1042
30
459617
20
2254
30
707079
30
852
30
453887
40
2224
21
698232
30
801
20
436524
30
2264
30
693013
30
801
20
438708
30
2254
20
705526
51
821
20
457723
30
2244
20
705246
40
831
20
2794722
30
872
30
454608
30
2254
20
706878
30
831
20
452384
20
2254
21
693773
30
831
30
443657
31
2244
20
693623
30
912
30
460158
21
2264
30
710806
41
871
20
455430
20
2245
20
699975
30
832
20
2801635
30
842
20
454517
20
2264
30
695256
40
822
20
448837
20
2255
30
690408
40
831
30
455369
30
2344
20
710545
30
861
30
459727
20
2274
20
704684
30
821
20
448787
20
2255
30
693744
30
832
20
459907
30
2285
20
710706
30
831
20
2801154
20
842
20
448978
20
2234
20
697220
30
832
20
447755
20
2385
21
694335
30
832
20
454006
20
2264
20
688804
30
832
30
449018
30
2274
20
690157
40
822
20
458425
20
2224
31
695066
20
831
20
2788139
40
851
30
457243
20
2404
20
695447
20
842
21
443407
30
2314
20
696829
30
831
20
441854
20
2214
20
689496
20
811
30
445140
20
2244
20
694966
30
821
20
446052
30
2284
30
691500
30
841
20
2782339
40
842
20
449749
20
2234
20
699876
30
832
20
452644
30
2214
20
690288
30
821
20
456050
30
2234
30
694255
40
1012
20
460830
30
2265
30
695938
20
822
20
463204
20
2224
20
698042
41
821
21
2814589
20
862
20
453175
30
2254
30
708672
40
872
20
458014
30
2254
20
701869
20
842
20
456541
30
2675
30
697851
30
811
30
458576
20
2285
30
694395
20
832
31
457403
30
2235
30
697711
20
812
20
2817774
30
822
20
453465
40
2214
30
699665
30
821
20
446813
30
2505
30
700747
20
852
20
454247
30
2264
20
692552
30
832
20
479654
20
2285
20
702199
40
852
30
460308
40
2245
20
699665
30
822
20
2836319
30
831
20
455951
20
2234
30
692311
20
831
31
462422
20
2234
20
702239
20
862
20
469114
20
2254
30
703091
30
862
30
466119
20
2435
30
702040
30
851
30
462272
20
2234
20
714413
30
822
20
2808708
40
812
20
451683
30
2244
20
693403
40
812
20
446974
30
2414
20
689957
20
831
20
452855
30
2234
30
690167
30
802
20
450791
30
2214
30
693433
40
831
30
463765
20
2264
20
702029
30
841
30
2799831
20
812
30
451102
30
2444
20
697782
30
821
20
458375
20
2224
20
691409
50
801
20
457944
20
2224
20
693363
20
802
20
457903
20
2224
20
709744
40
832
20
460979
30
2264
30
700607
30
852
20
2807076
40
852
20
448626
30
2235
20
693513
30
852
20
445711
30
2525
20
693292
30
822
20
460669
20
2504
30
698743
30
852
20
452043
30
2254
20
689285
20
821
20
456992
30
2444
20
694966
20
821
30
2785585
30
811
20
448136
30
2244
20
689917
30
831
30
442215
20
2244
20
689055
20
821
20
456551
20
2244
30
694846
30
852
20
452584
30
2234
20
693213
30
821
20
452203
30
2214
20
691860
30
822
30
2804280
30
822
30
443287
30
2254
30
695567
40
822
30
450921
20
2324
20
707209
30
842
30
456301
20
2244
20
699154
30
832
20
451722
21
2284
30
698582
20
812
30
449689
20
2524
20
692631
30
831
30
2824949
40
842
20
459718
20
2585
30
692221
20
831
21
452874
20
2294
20
708441
40
851
30
456482
20
2245
20
704143
30
831
20
454027
30
2454
20
694846
30
832
20
447104
20
2265
20
696169
20
822
30
2830749
30
841
20
450660
30
2344
30
989645
20
881
30
489624
30
2214
30
708592
41
841
30
463184
30
2235
20
704244
30
821
20
449739
20
2194
20
696429
30
831
30
455870
30
2235
20
708401
30
851
30
2828234
50
881
30
464717
40
2244
20
702991
30
842
20
451782
40
2454
30
694565
30
801
20
463134
30
2284
20
693804
30
811
20
457013
30
2465
30
709092
30
811
30
463034
30
2234
20
702831
50
811
31
2812364
40
1022
30
451221
30
2264
30
708561
30
842
30
447835
30
2254
20
700607
30
802
20
447104
30
2434
20
705596
30
831
30
452494
20
2265
20
696970
20
822
20
452655
30
2254
20
695768
30
821
20
2797316
20
822
20
450840
30
2234
20
690808
20
811
20
456982
20
2435
20
694515
30
821
20
465298
20
2415
30
703872
20
842
20
457002
40
2425
30
700958
40
832
20
453396
20
2204
30
688233
30
832
20
2814138
30
822
30
454778
20
2234
20
696990
40
812
20
454157
30
2265
30
703101
20
812
30
451082
30
2385
20
696269
30
812
30
470788
20
2244
30
702500
30
842
21
457813
20
2274
20
705165
40
831
20
2806765
20
822
20
460710
40
2314
20
706438
20
812
20
449769
30
2244
31
701408
30
802
20
444278
20
2234
31
695927
30
812
20
469365
60
2224
30
705516
60
841
30
468594
31
2274
30
707599
30
842
20
2844755
20
902
30
456110
30
2214
20
703472
20
852
30
459487
30
2234
20
706087
30
822
20
446403
21
2204
20
689937
20
831
20
448967
20
2314
30
695237
30
812
20
448616
20
2374
20
691400
20
842
20
2857329
20
911
30
452795
50
2214
20
704674
30
851
30
459246
20
2424
30
704243
41
821
20
450460
30
2294
20
703882
30
812
20
468334
30
2414
20
709483
20
811
30
462363
20
2495
20
708992
30
822
20
461170
30
2224
20
696489
20
802
30
2838764
20
801
20
451582
30
2265
20
695317
20
781
30
455499
20
2164
30
691600
20
801
30
446653
20
2214
20
691710
30
791
20
454137
20
2244
30
696809
41
811
20
447384
30
2444
30
697982
30
802
20
2781497
30
852
20
458004
20
2235
20
703392
20
822
20
444799
20
2224
20
703873
30
821
20
444950
30
2415
30
701438
40
832
20
444820
20
2235
20
702911
40
791
30
453576
31
2605
20
691289
40
781
20
2796074
30
802
30
450861
20
2374
20
701779
40
832
20
450320
20
2344
30
697010
20
812
20
453566
20
2234
30
696379
30
782
20
453867
20
2314
20
700747
40
811
20
467241
20
2245
30
709023
30
812
20
2814789
30
831
20
453756
20
2275
20
696078
41
801
30
449258
30
2274
20
691239
30
812
30
447395
30
2244
30
704033
40
812
30
451802
20
2405
20
697211
30
802
30
448918
20
2255
20
696149
30
821
30
2798309
30
832
20
457904
20
2284
31
704804
30
821
20
445230
20
2304
20
692852
30
832
20
451813
30
2234
20
696278
20
832
20
454999
20
2244
30
693032
40
812
20
450631
30
2254
20
692502
20
811
31
2796174
40
832
20
453476
30
2314
20
700477
30
802
30
457243
20
2235
30
694615
40
801
30
457834
20
2394
20
709613
40
812
20
466490
20
2284
20
704283
40
821
20
461260
30
2224
20
702951
30
811
20
452253
30
2234
20
712168
41
801
30
2811723
31
851
20
448236
30
2265
20
701148
30
822
20
453015
30
2485
20
696739
30
801
20
446333
20
2224
30
692001
31
781
20
464717
20
2244
20
699184
30
812
20
443857
20
2245
30
709433
20
821
20
2802807
40
812
20
458736
20
2184
20
699695
40
811
30
452975
30
2224
20
699354
30
801
20
443667
20
2445
20
694395
41
811
20
447885
20
2194
30
695457
30
821
20
457914
30
2214
20
694385
30
781
30
2783611
30
832
20
464827
30
2254
20
702450
30
832
30
457954
20
2225
20
696308
30
821
20
452404
20
2204
30
979947
20
882
20
483622
20
2205
21
704123
30
812
20
456431
20
2245
21
703712
20
842
31
2827693
20
832
30
453265
30
2555
30
714563
40
861
30
457073
30
2285
30
715314
40
861
30
457874
51
2264
20
703401
30
862
20
457574
40
2224
30
702460
40
802
20
452954
41
2194
20
690698
20
812
20
2842151
30
822
30
448356
30
2484
20
698392
20
802
20
455079
20
2455
30
707930
40
821
21
453035
30
2204
20
705215
30
812
20
452063
40
2214
20
695427
30
801
21
449819
30
2234
20
703342
30
792
20
2819708
20
801
30
443497
31
2234
20
697411
30
811
30
451772
30
2264
20
698182
20
782
20
443818
20
2225
20
692131
30
782
20
446874
30
2224
30
692141
20
802
20
452725
20
2605
30
696109
40
791
30
2800463
30
852
30
446734
30
2364
20
696619
20
832
20
458835
51
2224
20
693693
20
802
20
446663
30
2425
20
693153
40
791
20
445982
30
2434
20
699825
30
811
20
450089
20
2275
30
694495
30
811
20
2814949
40
811
30
446002
30
2164
20
694325
30
812
20
442876
20
2124
21
693904
30
802
30
441092
30
2164
20
701629
30
802
20
456631
30
2154
30
693293
30
832
20
451402
30
2164
30
693674
40
802
20
2796435
30
801
30
451512
20
2154
30
691941
20
791
20
446643
30
2174
30
689045
30
822
20
444830
30
2154
20
696900
30
812
20
453416
20
2184
20
700597
30
802
20
460038
30
2164
20
693153
30
792
20
451352
20
2164
20
695838
30
801
30
2801204
40
782
30
455830
20
2144
30
697280
41
811
31
465508
20
2144
30
694825
51
801
20
455419
30
2164
30
698372
40
801
20
454147
30
2365
20
694825
30
812
30
459937
20
2164
30
694636
30
822
20
2811613
51
801
20
450430
20
2235
20
695347
40
822
20
455099
30
2515
30
707259
30
822
20
452113
30
2174
30
711016
30
812
21
454878
30
2225
20
711207
30
822
20
449098
30
2224
30
699114
30
801
30
2803008
30
831
20
449819
30
2184
21
695387
30
801
20
451322
40
2205
20
696229
20
792
20
453586
30
2204
20
696870
30
801
20
451532
20
2314
20
700216
30
821
20
456020
20
2395
20
697791
20
801
20
2825409
21
821
20
453876
31
2174
20
690769
30
801
30
451352
30
2345
20
694305
40
781
20
456271
20
2174
20
697040
40
802
20
450931
30
2174
20
695868
30
782
20
443107
30
2164
30
694345
30
812
20
2798479
30
791
30
440592
30
2194
30
690808
30
812
20
446744
30
2214
20
688965
20
792
30
450209
30
2325
20
687172
20
821
20
450190
20
2214
20
689586
20
791
20
452203
40
2184
20
689405
20
801
30
2822635
41
831
20
458926
20
2225
20
708020
30
842
20
454818
30
2264
20
705976
30
812
20
459206
30
2194
30
702751
20
792
20
450110
30
2194
20
702470
30
822
20
456552
20
2224
20
698823
30
781
30
2837742
20
812
20
443417
30
2635
40
693464
30
811
20
458425
30
2174
30
702250
40
812
20
462953
40
2204
30
707449
30
791
20
449619
20
2184
20
695117
20
792
20
447264
20
2184
20
709153
30
792
20
2813456
30
811
20
448035
20
2194
30
709954
30
821
20
456702
30
2194
30
707209
51
811
20
458535
30
2164
20
693804
40
791
20
447715
30
2375
20
697231
40
982
20
458425
20
2184
20
703301
30
812
30
2800453
40
1002
30
457634
30
2234
20
700015
40
782
30
447886
20
2164
30
690057
40
781
20
442205
20
2144
30
689896
40
781
20
446402
30
2164
20
705796
30
791
20
457754
30
2195
30
697751
30
801
20
2825279
20
812
20
457333
20
2184
20
694284
40
771
20
454207
20
2154
20
694335
30
792
30
453927
20
2164
20
707028
30
822
30
450711
20
2174
20
702320
30
782
20
442135
20
2174
30
699033
30
811
20
3107966
30
892
20
3873503
40
952
20
195455
60
2194
20
698333
20
962
20
129922
30
2224
30
691931
30
951
20
127298
30
2194
30
695988
30
972
30
150350
70
4228
30
704213
30
982
30
130614
30
2244
20
701188
30
1283
20
2496786
20
962
30
128530
51
2244
20
693303
20
1122
30
127768
20
2235
20
682693
30
932
20
126526
30
2395
30
700997
40
942
30
129020
20
2234
20
701137
40
952
30
128831
30
2274
20
689315
30
962
30
2500152
40
1513
20
134421
71
2194
30
700567
40
991
20
129342
30
2234
30
692792
20
952
31
128249
30
2405
21
698112
40
992
30
129341
30
2215
20
693594
31
972
20
2460108
20
922
30
126757
30
2154
30
679538
30
932
30
126626
20
2154
20
680339
30
932
30
126546
20
2164
20
681912
30
912
20
2100748