4054946
71
1553
40
744869
70
1162
50
541640
40
1412
40
678405
30
1123
30
540739
30
1403
40
677864
30
1092
40
552431
30
1402
41
685538
40
1102
30
349451
30
932
30
428359
20
682
20
358779
20
1002
20
431745
30
721
20
366473
30
1032
21
427226
30
701
20
379999
30
891
20
2069750
20
882
21
425433
20
772
21
507476
20
892
20
436214
30
841
20
524709
30
901
20
434090
30
802
20
530038
20
901
30
430683
20
792
21
539446
30
872
30
448526
30
811
20
542462
20
892
20
442796
20
782
20
547541
20
881
20
2481127
20
852
20
439259
20
781
20
649962
20
872
20
440732
20
752
20
661884
20
861
20
444459
30
791
30
652838
20
861
20
442796
31
791
20
656154
20
861
20
448266
31
771
20
660321
30
872
20
2613885
30
852
20
442385
20
801
20
677163
20
811
30
445140
30
802
20
674568
30
841
30
442986
20
752
20
670620
30
832
30
440060
20
751
20
673516
20
812
20
445050
20
751
20
677924
20
852
20
2671482
20
852
20
443598
30
801
30
696108
20
842
20
446963
20
781
20
693233
20
841
30
444229
20
762
20
694846
20
841
20
445681
30
771
20
692782
20
822
30
445981
30
762
31
694465
20
821
20
2709192
30
842
20
441122
30
792
20
701187
20
832
30
445611
20
741
20
697060
30
832
20
444299
20
761
20
701529
20
832
20
447404
30
772
20
698303
20
831
30
448927
30
762
20
699344
30
821
20
2704174
20
812
30
447905
30
961
20
702260
20
811
20
449819
20
752
20
702129
30
811
20
454598
30
801
20
700777
20
821
20
450731
30
851
20
704454
20
831
30
445010
20
972
20
703191
30
832
30
2738266
30
851
20
441854
20
822
31
703742
20
842
20
445069
20
802
20
703101
30
802
20
442846
21
801
20
706077
20
831
30
448106
20
771
20
703272
20
831
20
445521
20
822
20
706908
20
851
20
447815
20
811
20
701408
20
832
30
2734098
20
822
20
446763
30
771
20
704414
20
851
20
440441
20
772
20
705746
20
822
30
446102
20
771
30
704374
30
832
30
448466
20
801
20
705135
20
832
21
449318
20
792
20
709573
20
822
20
2771699
20
831
20
444139
20
781
20
708982
20
812
30
446252
20
821
20
707059
21
811
20
448346
20
762
20
705626
30
842
20
442205
20
811
20
707710
20
811
20
448456
30
802
20
708190
20
822
21
2762261
20
832
20
447324
20
751
20
708732
20
812
20
437997
20
762
20
706167
20
842
20
440551
20
802
20
703592
21
831
20
442946
20
781
20
704684
20
812
20
447163
30
772
20
705085
20
812
20
2734519
20
812
20
913393
70
2846
40
1393929
80
1643
50
862528
40
2805
40
1400922
40
1623
40
861707
40
2825
40
1375735
60
1643
50
872727
41
2665
40
1382979
40
1613
50
873629
50
2896
50
1379162
50
1603
50
5288903
30
822
30
445832
20
2224
20
710735
20
832
20
445310
30
2244
30
707389
31
811
20
449518
20
2305
30
716176
20
852
20
447806
30
2315
30
713340
31
831
20
446753
30
2234
20
713230
20
821
20
2809129
20
821
20
446563
20
2234
20
714021
30
802
30
448596
20
2234
20
714562
20
821
30
456502
30
2194
30
714402
20
822
31
456020
30
2284
20
712850
20
822
30
454858
30
2294
30
713059
20
821
20
2806554
20
822
20
446753
30
2234
30
714803
20
832
20
450360
30
2225
20
715965
30
831
20
446022
20
2214
20
721366
20
832
20
443097
20
2254
30
718920
20
822
30
446042
30
2254
20
711708
30
831
20
449759
30
2214
30
711928
20
812
20
2803307
30
852
40
448196
20
2304
20
710335
20
851
20
450941
20
2304
30
711828
30
1042
30
451502
30
2285
20
713260
20
862
30
447194
20
2194
20
711156
30
832
31
448927
20
2295
30
981621
20
892
30
2840417
20
851
20
450741
20
2295
30
711668
30
882
31
450570
30
2264
20
711466
20
852
30
445541
30
2224
20
717488
20
842
20
452414
30
2304
20
717568
20
851
20
446142
20
2254
31
714973
20
862
20
447345
20
2214
20
715314
20
881
30
2799601
30
852
20
445621
31
2535
30
714733
20
841
20
452755
30
2284
20
707830
20
862
30
456241
20
2244
20
710004
30
861
20
446493
20
2265
30
710014
30
832
30
448045
20
2274
30
708301
20
841
21
450891
30
2224
20
714693
20
842
20
2813847
30
852
30
447104
20
2244
20
711898
20
831
20
451302
30
2264
20
709192
20
822
30
458516
30
2275
20
710295
30
842
30
446723
20
2254
20
706928
20
842
20
456993
30
2204
20
713080
21
831
31
2809960
30
861
30
448196
20
2325
20
712970
30
852
20
449639
30
4678
20
711076
30
871
30
448016
20
2325
21
706798
20
842
20
460809
30
2315
20
710305
20
861
20
456872
20
2375
20
711597
30
851
31
2817604
30
871
20
451182
20
2294
31
711116
20
1072
30
454969
20
2285
30
712940
20
852
20
458245
30
2285
20
718470
20
842
20
456892
31
2314
20
711527
30
851
20
458615
30
2274
21
711987
30
861
30
2823946
30
872
20
453807
20
2324
20
713361
20
862
20
451442
30
2224
20
708200
20
852
20
457403
20
2264
21
710525
30
852
20
457483
30
2264
30
705376
20
842
20
455509
30
2284
30
708842
30
832
30
2806083
20
842
30
453566
30
2284
30
710435
20
832
20
454387
20
2235
20
707600
30
831
20
457894
30
2284
20
712108
20
851
20
454527
30
2275
21
713300
21
821
30
453135
30
2304
30
709012
30
842
20
2813888
30
852
20
452524
30
2515
20
712509
30
862
20
449168
20
2325
20
712739
20
852
30
455810
20
2364
20
720033
20
861
20
457854
20
2275
20
705415
30
852
30
460949
20
2274
20
712498
30
841
20
456962
30
2274
20
715825
30
832
30
2805772
20
842
30
455529
20
2284
20
702550
40
841
30
454618
30
2224
20
709213
30
832
20
452784
30
2234
20
717669
21
861
20
455990
20
2314
30
711197
30
832
20
459176
30
2234
20
716726
20
851
20
2815710
20
842
30
454106
20
2274
20
713521
30
851
20
451752
20
2224
20
708081
30
841
20
448897
41
2414
30
708622
30
822
20
452494
30
2284
20
706558
20
831
20
458105
20
2244
20
706087
20
832
20
450420
20
2264
20
706989
20
842
20
2822363
20
862
30
460659
20
2285
30
710806
30
852
30
461451
20
2264
30
712829
20
861
20
460749
20
2375
20
715885
30
831
21
458575
20
2264
20
707569
20
831
20
457292
30
2265
30
705796
20
862
20
2821301
30
851
20
458785
30
2375
20
712098
31
841
20
454267
40
2255
21
710875
20
841
20
460869
20
2295
20
707780
20
851
20
467101
30
2244
20
712319
30
852
20
461490
31
2314
20
711056
30
832
30
2877797
30
841
31
458114
20
2334
20
709854
30
832
31
452534
30
2285
20
714552
20
861
30
452735
30
2705
30
712219
31
841
20
456461
30
2434
20
707118
20
862
20
455179
20
2284
20
710455
20
832
30
2805121
21
841
30
454517
20
2264
20
707399
30
831
30
460949
30
2244
20
705476
20
811
30
451792
30
2214
30
701858
20
831
20
446953
20
2254
20
717298
20
832
20
452745
20
2254
20
700566
20
822
30
2812956
20
831
20
451652
30
2234
20
700997
20
841
30
454197
30
2215
30
699134
20
802
20
452314
30
2245
21
711396
20
821
20
454117
20
2204
20
701748
20
852
20
455920
30
2225
30
705296
30
832
30
453666
20
2244
20
705115
30
832
20
2790324
20
842
30
454648
20
2254
20
704073
30
832
20
451091
20
2345
30
703963
30
812
30
457503
20
2224
30
700135
20
832
20
451773
20
2254
20
977323
20
862
20
485375
30
2365
20
697931
20
821
30
2812956
20
832
20
447986
20
2284
20
699104
20
822
30
458135
30
2344
20
703091
20
841
30
456792
20
2234
20
709073
20
832
20
463755
20
2344
20
707930
20
852
30
459146
30
2284
20
707139
20
851
20
2805822
20
862
20
459587
20
2244
20
708862
30
852
30
454027
20
2425
20
700186
30
831
30
436164
30
2284
20
696630
20
831
20
438578
20
2254
30
706728
21
831
20
457674
20
2265
20
707830
30
851
20
2808858
20
852
30
454698
20
2304
20
707399
20
841
20
451943
20
2204
30
700807
20
811
20
443397
20
2194
20
700146
30
852
30
459838
20
2384
20
710125
31
841
20
455219
30
2235
20
704244
30
832
30
2818556
20
842
30
454377
30
2324
20
699855
30
832
20
448537
30
2355
20
693814
20
821
30
454898
30
2314
20
712699
30
841
20
459467
20
2274
20
708551
31
831
30
448486
30
2344
20
703482
20
821
20
459637
20
2275
20
712449
20
831
20
2790654
30
832
30
448857
20
2365
20
704433
20
831
20
447565
30
2265
20
701598
20
841
20
454187
20
2254
30
698322
30
842
20
448948
20
2264
20
696449
20
832
20
458415
20
2264
20
701739
20
831
20
2784062
20
831
30
457173
30
2284
30
699375
20
842
30
442735
20
2224
20
695627
20
831
20
441613
20
2395
20
696018
20
801
30
444820
20
2315
20
698052
30
811
20
446132
30
2224
30
695678
30
822
21
2772751
20
842
20
449628
20
2254
20
703192
30
842
20
452434
20
2315
20
698593
31
821
30
455890
30
2265
20
701418
40
1022
20
460990
20
2265
30
701538
20
832
20
463084
31
2354
20
703291
30
821
20
2791486
30
842
20
453205
30
2274
30
712619
30
862
20
457954
30
2265
20
707430
20
852
20
456291
20
2595
20
694736
20
811
20
458285
30
2234
30
696258
30
822
20
457333
20
2264
20
700677
30
822
20
2794962
30
862
30
453515
20
2604
30
696830
30
832
30
446602
30
2415
30
708120
30
852
20
454007
20
2264
20
704644
30
842
20
457663
30
2315
20
707279
30
852
31
460078
20
2265
20
702981
20
852
20
2804490
20
852
30
455880
20
2385
20
696940
20
842
40
462663
20
2444
20
702269
20
852
20
469175
30
2314
30
704955
30
842
20
465849
20
2335
20
705586
30
851
20
462152
30
2384
20
714322
20
902
20
2792507
30
852
30
451693
20
2365
20
702460
20
822
20
447134
20
2374
20
697632
30
811
30
452734
20
2625
20
694435
20
822
20
450190
30
2325
20
692642
30
832
20
463715
20
2415
20
707570
30
862
30
2777460
30
922
30
451091
30
2635
20
704033
21
871
20
458224
20
2354
20
700246
20
851
21
457853
30
2425
30
697531
30
852
30
457603
20
2374
30
709784
20
841
20
460699
20
2444
20
707690
20
872
20
2783993
20
882
20
448456
20
2255
30
695467
30
852
20
445161
20
2274
20
697781
30
1042
30
460889
20
2334
30
699264
30
872
20
451863
20
2234
20
693974
30
851
30
456612
30
2324
30
693433
20
861
20
2764916
30
842
30
447945
20
2394
20
693063
21
861
20
441934
20
2345
20
691740
21
851
20
456051
30
2254
21
697561
20
862
20
451903
30
2274
20
696118
20
841
20
452314
30
2304
20
702480
20
851
20
2771209
20
852
20
443327
20
2234
20
698503
20
842
20
450900
20
2485
20
709263
20
851
20
456401
30
2305
30
701347
20
922
20
451482
30
2244
30
700056
30
842
20
449489
21
2504
20
694254
20
841
20
2804530
20
862
20
459698
20
2505
30
691058
20
841
20
452544
30
2324
20
711487
30
861
20
456181
20
2254
20
708361
20
832
20
453436
20
2314
20
702200
30
842
20
446823
30
2255
20
700447
20
852
30
2814689
20
851
20
450560
20
2294
20
986139
30
881
30
489003
20
2285
30
707981
30
861
30
462663
40
2315
20
706157
20
842
21
449488
30
2364
20
703041
20
821
31
455609
30
2275
20
711196
21
851
30
2808738
30
852
30
464236
30
2434
20
705115
30
852
20
451922
20
2354
20
698904
20
821
20
462873
30
2254
20
698672
20
842
21
456581
30
2254
20
713060
30
841
30
462583
20
2274
20
705656
30
861
30
2791836
30
1072
30
451051
30
2245
20
706487
20
851
30
447355
30
2284
30
701288
30
822
20
446814
20
2254
20
707369
30
831
21
451912
20
2254
20
698563
20
861
20
452393
30
2234
20
696639
20
831
20
2781757
30
842
20
450740
20
2324
20
694886
30
882
20
456601
30
2284
20
698853
20
831
20
465078
20
2314
20
707339
20
842
20
456883
20
2294
30
704604
20
842
20
453135
20
2234
20
692902
20
832
30
2797627
20
852
20
454627
20
2294
30
698663
30
832
20
454077
20
2234
21
705305
20
822
20
450830
30
2275
30
696138
30
852
20
470748
20
2304
20
704144
30
841
30
457703
20
2234
20
702060
20
842
30
2811994
20
852
30
460559
20
2444
20
710355
30
852
20
449609
20
2425
20
704053
20
852
20
444078
30
2284
20
697871
30
831
20
468454
30
2234
21
705756
30
852
21
468243
30
2294
31
708932
20
832
30
2827873
30
842
30
456001
20
2324
20
702600
30
852
30
459037
20
2454
20
707289
20
842
20
445912
30
2464
30
692832
20
851
30
448717
30
2235
20
698453
20
861
20
448656
31
2715
20
691549
20
832
20
2824698
20
892
30
452354
20
2325
30
708952
20
871
21
458695
21
2284
20
704053
30
831
20
450530
20
2274
20
704924
30
822
20
467902
20
2304
20
705125
20
851
20
462112
30
2254
20
705105
20
842
30
460989
20
2244
20
698162
30
822
20
2850346
30
822
30
451562
20
2455
30
696910
20
832
30
450600
20
2314
20
694966
20
841
20
446433
30
2225
20
692281
20
821
20
453806
30
2315
21
697450
20
861
20
447054
21
2324
20
693604
20
831
20
2787829
20
861
30
457754
20
2245
20
701739
30
832
30
444800
20
2224
20
695788
30
832
30
444730
30
2395
20
695056
20
842
20
444799
20
2225
20
699946
20
861
30
453576
30
2585
20
689766
30
842
20
2784733
30
842
20
450620
20
2445
30
695598
20
842
30
450330
30
2364
20
694455
20
852
21
453075
20
2505
20
696830
30
1042
20
453466
30
2254
20
701568
20
841
20
467161
20
2245
20
706187
20
872
20
2806714
20
852
30
453576
20
2335
20
695717
30
841
20
449288
20
2244
30
695487
20
832
20
447134
20
2274
20
699835
30
822
20
451732
40
2244
20
694636
20
852
30
449028
30
2265
20
692281
30
831
20
2787729
30
832
31
457783
30
2234
20
700847
30
841
20
444970
30
2284
20
691469
30
832
20
451612
30
2204
20
695387
30
842
20
454658
30
2214
20
691239
20
862
30
450380
30
2214
20
688234
30
831
30
2791075
20
832
20
453426
20
2254
20
694846
20
822
20
457543
30
2384
20
694094
30
831
20
457803
30
2274
20
707890
20
822
20
466270
30
2254
30
701238
30
841
20
460760
30
2244
30
701879
20
841
20
452183
20
2224
20
704163
20
881
20
2818235
20
821
20
448136
20
2265
20
696419
20
812
30
453045
20
2195
20
691610
20
832
20
445891
20
2184
30
690728
20
831
20
464416
30
2175
30
696438
30
832
30
443988
30
2185
20
708181
30
861
30
2809920
30
822
30
458525
30
2204
20
699474
20
822
20
452864
20
2264
20
696218
20
841
20
443357
20
2294
20
695767
21
831
20
447805
20
2205
20
694085
30
811
20
457854
20
2274
20
694215
30
811
20
2788240
20
842
20
464727
30
2204
20
703261
20
822
30
457763
20
2194
20
692671
20
821
30
452353
30
2234
30
984296
20
842
30
483291
20
2415
20
702139
20
822
30
456100
30
2325
20
702951
20
841
20
2832403
20
882
30
452965
30
2495
30
705105
30
872
20
457042
30
2235
20
705616
20
841
20
457704
20
2254
20
707689
20
851
20
457534
30
2274
20
701949
20
822
30
452774
20
2224
20
692191
20
832
20
2839295
30
852
20
448045
20
2204
20
698913
30
832
30
454839
20
2255
21
708501
20
851
20
453085
20
2274
20
703131
20
862
20
451633
20
2245
20
693152
30
822
20
449418
30
2444
20
706518
20
822
20
2821282
20
831
20
443367
21
2264
30
700987
30
821
20
451622
20
2264
20
696128
20
862
30
443326
30
2275
20
690548
30
852
20
446703
20
2224
20
692201
30
852
20
452123
20
2535
20
696590
20
841
20
2807647
20
832
30
446352
40
2444
20
697951
20
852
30
458585
30
2244
20
696008
30
842
20
446583
20
2214
20
695317
30
842
20
445752
20
2204
30
697531
31
821
30
450130
31
2234
20
702100
30
851
30
2834736
20
811
20
445782
30
2325
20
695247
20
842
20
442816
40
2235
30
690538
20
832
20
441183
30
2224
20
704804
20
842
30
456371
30
2234
20
697501
30
822
20
451132
30
2264
30
696619
30
822
30
2820590
30
811
30
451161
20
2225
20
695708
30
851
30
446553
30
2204
20
693323
30
811
20
444469
20
2194
30
695808
20
812
20
453516
20
2214
20
704855
20
842
30
459668
21
2204
20
698923
20
822
30
450961
30
2225
20
700486
20
822
20
2833514
30
841
20
455600
20
2384
20
699635
30
801
20
465097
20
2285
20
695807
20
831
20
455179
30
2265
20
700556
20
832
30
454067
30
2204
20
697260
20
822
20
459828
30
2214
20
695337
20
822
30
2820800
30
831
30
450490
30
2205
20
696169
20
821
21
454978
30
2505
30
706999
20
842
30
452113
20
2254
21
709252
30
842
20
454678
30
2254
20
707119
20
842
30
448937
20
2234
20
700025
30
821
30
2793118
20
841
20
449729
20
2174
20
697601
20
832
20
450731
30
2194
20
701989
30
832
20
453015
20
2204
20
700106
30
832
21
451041
20
2224
20
701458
20
831
20
455680
20
2204
20
695097
21
821
20
2816823
20
821
20
453626
30
2164
30
692372
20
821
30
450791
20
2214
30
689676
20
841
20
456291
20
2374
30
699344
30
842
20
451131
20
2204
20
696519
30
842
20
443247
30
2265
30
694816
30
831
20
2805011
30
841
30
440030
30
2174
20
693233
20
812
20
446412
30
2174
20
692902
20
852
20
450119
20
2174
20
694666
20
862
30
450751
20
2184
20
693423
20
832
20
451692
20
2324
20
696879
20
862
30
2810472
20
851
30
458946
30
2204
20
711267
20
862
20
454488
20
2304
30
715144
20
832
20
459256
21
2484
20
712979
20
842
20
449879
20
2154
20
705476
30
862
30
456581
20
2154
20
698573
20
861
20
2830659
20
832
20
443186
30
2474
30
698493
20
841
20
458325
20
2174
20
705486
30
812
20
462633
30
2234
20
705946
30
841
30
449468
30
2235
20
695317
30
832
20
446924
20
2184
30
711327
20
832
20
2819819
20
841
20
447985
20
2154
20
708041
30
831
20
456551
20
2184
30
702990
30
851
20
458525
30
2234
20
691359
20
821
30
447505
20
2144
20
696890
20
1042
30
458024
20
2214
20
709954
30
832
20
2807666
30
1042
30
457503
20
2174
30
702099
20
822
30
447805
20
2204
30
690438
20
852
20
441884
30
2144
20
689896
20
811
20
446022
20
2234
30
706778
20
852
30
457362
20
2174
20
699304
30
831
20
2802988
30
832
20
457433
20
2154
20
693192
20
811
20
453946
30
2174
30
696329
20
812
20
454207
40
2164
30
704985
30
821
30
450270
20
2174
20
705305
20
822
20
441724
30
2184
20
693824
20
801
20
3099700
30
832
30
3806047
40
892
20
197308
40
2174
20
698313
40
922
30
129782
20
2164
20
693794
30
951
20
127147
20
2154
20
694435
20
962
20
149188
20
2154
20
702010
30
952
30
131245
20
2194
20
698904
30
952
20
2487148
30
952
30
128559
20
2204
20
700817
30
1112
31
127678
20
2134
20
687372
30
1052
20
126536
20
2284
20
700356
30
952
30
129050
20
2174
20
701808
30
952
20
129131
20
2144
30
693723
20
932
21
2476959
30
951
20
134350
20
2344
20
699705
30
941
20
129532
20
2285
20
697671
30
941
20
128089
30
2165
20
698593
31
1112
20
129171
30
2164
20
697912
20
922
30
1474976
20
922
20
126316
20
2435
20
692832
30
912
20
126577
20
2254
20
685749
30
922
30
126446
20
2244
20
686020
20
912
20
1085490