46162726
0
0
0
0
584605
0
0
0
2432941
0
0
0
193200
0
0
0
2811638
0
0
0
143029
0
0
0
2005723
0
0
0
214852
0
0
0
2180908
0
0
0
178777
0
0
0
2595690
0
0
0
172185
0
0
0
2848343
0
0
0
199254
0
0
0
1944110
0
0
0
2106184
0
0
0
270777
0
0
0
2799101
0
0
0
188212
0
0
0
2087056
0
0
0
178740
0
0
0
2413795
0
0
0
187866
0
0
0
2415974
0
0
0
173169
0
0
0
2148378
0
0
0
2391896
0
0
0
287370
0
0
0
2259989
0
0
0
183590
0
0
0
2845945
0
0
0
190428
0
0
0
2658188
0
0
0
180783
0
0
0
2903128
0
0
0
169769
0
0
0
2120499
0
0
0
4004937
0
0
0
416924
0
0
0
2582343
0
0
0
163369
0
0
0
2790258
0
0
0
177236
0
0
0
2562805
0
0
0
170963
0
0
0
2550569
0
0
0
2758230
0
0
0
280287
0
0
0
2606074
0
0
0
179187
0
0
0
2662100
0
0
0
185332
0
0
0
2452269
0
0
0
185796
0
0
0
3183014
0
0
0
189981
0
0
0
2232620
0
0
0
2192087
0
0
0
286805
0
0
0
2263982
0
0
0
186298
0
0
0
2757755
0
0
0
164499
0
0
0
2632286
0
0
0
189607
0
0
0
2525316
0
0
0
161938
0
0
0
2406628
0
0
0
2193435
0
0
0
275546
0
0
0
3285827
0
0
0
179970
0
0
0
2228754
0
0
0
131960
0
0
0
2419594
0
0
0
188824
0
0
0
2307316
0
0
0
191614
0
0
0
2792592
0
0
0
2512078
0
0
0
287425
0
0
0
2794579
0
0
0
185259
0
0
0
2226512
0
0
0
160287
0
0
0
2245220
0
0
0
197794
0
0
0
3534203
0
0
0
220405
0
0
0
2742794
0
0
0
2886699
0
0
0
272327
0
0
0
2704823
0
0
0
174456
0
0
0
2710119
0
0
0
181192
0
0
0
3270547
0
0
0
192872
0
0
0
2304453
0
0
0
188377
0
0
0
3235582
0
0
0
2346438
0
0
0
225830
0
0
0
3545609
0
0
0
222712
0
0
0
3574017
0
0
0
226760
0
0
0
2930332
0
0
0
221235
0
0
0
3276600
0
0
0
190365
0
0
0
2978352
0
0
0
2305255
0
0
0
259362
0
0
0
3324328
0
0
0
208143
0
0
0
2569733
0
0
0
188805
0
0
0
3586709
0
0
0
196555
0
0
0
2424909
0
0
0
184976
0
0
0
2924334
0
0
0
3594349
0
0
0
323091
0
0
0
3243323
0
0
0
206747
0
0
0
2311428
0
0
0
186453
0
0
0
2893701
0
0
0
200083
0
0
0
2491226
0
0
0
189462
0
0
0
2770747
0
0
0
2545017
0
0
0
251685
0
0
0
3247371
0
0
0
194795
0
0
0
2804034
0
0
0
211160
0
0
0
2765295
0
0
0
226486
0
0
0
2616568
0
0
0
195680
0
0
0
2854999
0
0
0
2280085
0
0
0
254749
0
0
0
3346711
0
0
0
221564
0
0
0
2840548
0
0
0
188076
0
0
0
2731334
0
0
0
201414
0
0
0
2613258
0
0
0
201141
0
0
0
2608619
0
0
0
2166166
0
0
0
263776
0
0
0
3304826
0
0
0
172759
0
0
0
2543313
0
0
0
201524
0
0
0
2789119
0
0
0
206840
0
0
0
2503407
0
0
0
200931
0
0
0
2851552
0
0
0
2181921
0
0
0
257329
0
0
0
3305565
0
0
0
227735
0
0
0
2363278
0
0
0
209455
0
0
0
2603795
0
0
0
218062
0
0
0
2545145
0
0
0
197959
0
0
0
2475262
0
0
0
2346849
0
0
0
244320
0
0
0
3233111
0
0
0
216867
0
0
0
2639762
0
0
0
207186
0
0
0
7242335
0
0
0
552778
0
0
0
2601661
0
0
0
217989
0
0
0
2732457
0
0
0
2785062
0
0
0
257329
0
0
0
2669393
0
0
0
205353
0
0
0
2938420
0
0
0
190410
0
0
0
2885030
0
0
0
203958
0
0
0
2841569
0
0
0
202591
0
0
0
2628338
0
0
0
2550187
0
0
0
264541
0
0
0
3233713
0
0
0
192571
0
0
0
2754482
0
0
0
198824
0
0
0
2638331
0
0
0
182286
0
0
0
2587038
0
0
0
202681
0
0
0
2365330
0
0
0
2260055
0
0
0
232941
0
0
0
3284969
0
0
0
225346
0
0
0
2677680
0
0
0
184922
0
0
0
2769472
0
0
0
216138
0
0
0
2752431
0
0
0
217815
0
0
0
2772680
0
0
0
2635815
0
0
0
247318
0
0
0
3477130
0
0
0
226641
0
0
0
2663950
0
0
0
229459
0
0
0
2559094
0
0
0
239569
0
0
0
2391294
0
0
0
275199
0
0
0
2166174
0
0
0
2386972
0
0
0
259527
0
0
0
3166092
0
0
0
234126
0
0
0
2183680
0
0
0
226496
0
0
0
3115374
0
0
0
223460
0
0
0
2606056
0
0
0
188960
0
0
0
2192450
0
0
0
2213957
0
0
0
237054
0
0
0
2632058
0
0
0
187520
0
0
0
2668034
0
0
0
226705
0
0
0
2662710
0
0
0
214770
0
0
0
2288316
0
0
0
2159456
0
0
0
227206
0
0
0
2640957
0
0
0
216175
0
0
0
3128830
0
0
0
231227
0
0
0
2209227
0
0
0
157662
0
0
0
3153519
0
0
0
204286
0
0
0
2240798
0
0
0
2225564
0
0
0
256116
0
0
0
2627410
0
0
0
220514
0
0
0
3182812
0
0
0
217014
0
0
0
2667058
0
0
0
219922
0
0
0
2720786
0
0
0
2652527
0
0
0
248413
0
0
0
2631785
0
0
0
226996
0
0
0
2701768
0
0
0
242706
0
0
0
2630681
0
0
0
239241
0
0
0
2338051
0
0
0
3391192
0
0
0
227043
0
0
0
2698787
0
0
0
228847
0
0
0
2627390
0
0
0
229623
0
0
0
2254519
0
0
0
173562
0
0
0
3194300
0
0
0
2352008
0
0
0
235265
0
0
0
2626642
0
0
0
210796
0
0
0
2643920
0
0
0
219156
0
0
0
2685484
0
0
0
223943
0
0
0
2233176
0
0
0
198342
0
0
0
2666840
0
0
0
2855354
0
0
0
265754
0
0
0
2174599
0
0
0
228994
0
0
0
3145114
0
0
0
210477
0
0
0
2324594
0
0
0
216376
0
0
0
2347131
0
0
0
221891
0
0
0
2185056
0
0
0
2374172
0
0
0
245888
0
0
0
3205058
0
0
0
225702
0
0
0
2261066
0
0
0
224189
0
0
0
2260081
0
0
0
218198
0
0
0
3189988
0
0
0
240125
0
0
0
2205479
0
0
0
2196580
0
0
0
264441
0
0
0
3175546
0
0
0
233707
0
0
0
2388896
0
0
0
185897
0
0
0
2380089
0
0
0
218755
0
0
0
2287295
0
0
0
237481
0
0
0
3135832
0
0
0
2230432
0
0
0
230689
0
0
0
2221562
0
0
0
219265
0
0
0
2713273
0
0
0
226058
0
0
0
2667296
0
0
0
195999
0
0
0
2377773
0
0
0
222839
0
0
0
2685193
0
0
0
2840939
0
0
0
242432
0
0
0
2636270
0
0
0
189937
0
0
0
2306468
0
0
0
237545
0
0
0
2198495
0
0
0
188386
0
0
0
2627664
0
0
0
223486
0
0
0
2634510
0
0
0
2771131
0
0
0
264450
0
0
0
2601105
0
0
0
258606
0
0
0
2702442
0
0
0
223231
0
0
0
2376096
0
0
0
187256
0
0
0
2195559
0
0
0
207167
0
0
0
6919343
0
0
0
2557535
0
0
0
222493
0
0
0
2453664
0
0
0
177537
0
0
0
2653191
0
0
0
284416
0
0
0
2825632
0
0
0
229067
0
0
0
3214723
0
0
0
2213828
0
0
0
258861
0
0
0
3375940
0
0
0
224982
0
0
0
2371136
0
0
0
210814
0
0
0
2605573
0
0
0
234235
0
0
0
2367280
0
0
0
2306971
0
0
0
191941
0
0
0
3217549
0
0
0
213313
0
0
0
2201832
0
0
0
215017
0
0
0
2521869
0
0
0
229796
0
0
0
2298911
0
0
0
2192149
0
0
0
259745
0
0
0
2660740
0
0
0
217716
0
0
0
2585989
0
0
0
204386
0
0
0
2650264
0
0
0
175047
0
0
0
2196754
0
0
0
219749
0
0
0
2632450
0
0
0
2260528
0
0
0
254822
0
0
0
3415955
0
0
0
197339
0
0
0
2257573
0
0
0
230789
0
0
0
3129578
0
0
0
159248
0
0
0
2418582
0
0
0
2612091
0
0
0
233342
0
0
0
2592290
0
0
0
181339
0
0
0
2639015
0
0
0
234509
0
0
0
2540933
0
0
0
225073
0
0
0
3150629
0
0
0
2197938
0
0
0
244766
0
0
0
3142132
0
0
0
212181
0
0
0
2334777
0
0
0
233525
0
0
0
2457594
0
0
0
202526
0
0
0
2130583
0
0
0
213540
0
0
0
3070088
0
0
0
2290048
0
0
0
182086
0
0
0
2768796
0
0
0
219074
0
0
0
2228773
0
0
0
203968
0
0
0
2204557
0
0
0
207522
0
0
0
3171380
0
0
0
196691
0
0
0
2361190
0
0
0
2199834
0
0
0
250611
0
0
0
3218525
0
0
0
215847
0
0
0
2357698
0
0
0
167106
0
0
0
2415180
0
0
0
224881
0
0
0
3127335
0
0
0
190784
0
0
0
3332060
0
0
0
2202898
0
0
0
252379
0
0
0
2706609
0
0
0
227361
0
0
0
2748621
0
0
0
227845
0
0
0
2650821
0
0
0
245933
0
0
0
3053150
0
0
0
167763
0
0
0
2658844
0
0
0
2696198
0
0
0
235530
0
0
0
3196533
0
0
0
223879
0
0
0
2604115
0
0
0
232002
0
0
0
2192887
0
0
0
212910
0
0
0
2238638
0
0
0
2280732
0
0
0
264514
0
0
0
3187955
0
0
0
228647
0
0
0
2255741
0
0
0
220013
0
0
0
2269754
0
0
0
240873
0
0
0
2364453
0
0
0
2539975
0
0
0
260119
0
0
0
2634456
0
0
0
225702
0
0
0
2670505
0
0
0
197084
0
0
0
2725336
0
0
0
216712
0
0
0
2640847
0
0
0
170097
0
0
0
3269178
0
0
0
2916676
0
0
0
287853
0
0
0
3155580
0
0
0
262390
0
0
0
2757755
0
0
0
285228
0
0
0
2765232
0
0
0
197977
0
0
0
2638941
0
0
0
2597595
0
0
0
282894
0
0
0
2886690
0
0
0
244849
0
0
0
3007792
0
0
0
157561
0
0
0
3108080
0
0
0
230142
0
0
0
2614699
0
0
0
2560608
0
0
0
290944
0
0
0
3164578
0
0
0
245760
0
0
0
2683569
0
0
0
242715
0
0
0
2265915
0
0
0
184064
0
0
0
3232985
0
0
0
178403
0
0
0
2295301
0
0
0
2112812
0
0
0
254348
0
0
0
2894904
0
0
0
181922
0
0
0
2214532
0
0
0
172175
0
0
0
2219665
0
0
0
158993
0
0
0
2262725
0
0
0
3217257
0
0
0
245870
0
0
0
2241099
0
0
0
182697
0
0
0
2819952
0
0
0
179579
0
0
0
2259196
0
0
0
170981
0
0
0
2308921
0
0
0
185787
0
0
0
2682548
0
0
0
2196489
0
0
0
250602
0
0
0
6083706
0
0
0
459428
0
0
0
2818010
0
0
0
207732
0
0
0
2787969
0
0
0
210167
0
0
0
2281005
0
0
0
180309
0
0
0
2248366
0
0
0
2219054
0
0
0
255643
0
0
0
2303205
0
0
0
202791
0
0
0
3080564
0
0
0
184538
0
0
0
2888932
0
0
0
166961
0
0
0
2725317
0
0
0
182524
0
0
0
3168826
0
0
0
2622347
0
0
0
231301
0
0
0
3131583
0
0
0
184812
0
0
0
2824292
0
0
0
207340
0
0
0
2704375
0
0
0
180436
0
0
0
2679139
0
0
0
2115776
0
0
0
229285
0
0
0
3339070
0
0
0
194102
0
0
0
2428336
0
0
0
197932
0
0
0
2709945
0
0
0
194366
0
0
0
2243342
0
0
0
2655023
0
0
0
227781
0
0
0
3178983
0
0
0
195205
0
0
0
2287732
0
0
0
196308
0
0
0
2690919
0
0
0
179023
0
0
0
2736577
0
0
0
172249
0
0
0
2286538
0
0
0
2151869
0
0
0
231620
0
0
0
2326928
0
0
0
190957
0
0
0
2744563
0
0
0
200612
0
0
0
2749085
0
0
0
178558
0
0
0
2717585
0
0
0
200438
0
0
0
2701357
0
0
0
2633599
0
0
0
242378
0
0
0
2709152
0
0
0
211079
0
0
0
2993360
0
0
0
152930
0
0
0
2302111
0
0
0
177126
0
0
0
3199206
0
0
0
2592791
0
0
0
246553
0
0
0
3267136
0
0
0
182086
0
0
0
3087256
0
0
0
154553
0
0
0
2705104
0
0
0
195935
0
0
0
3382942
0
0
0
170616
0
0
0
2279938
0
0
0
2308010
0
0
0
253700
0
0
0
3175546
0
0
0
179762
0
0
0
2253298
0
0
0
184922
0
0
0
2655625
0
0
0
163450
0
0
0
2697510
0
0
0
2489549
0
0
0
249233
0
0
0
2902945
0
0
0
175923
0
0
0
2299649
0
0
0
165620
0
0
0
2317254
0
0
0
184548
0
0
0
2372267
0
0
0
185478
0
0
0
2726813
0
0
0
2228700
0
0
0
250847
0
0
0
2288644
0
0
0
223651
0
0
0
2773518
0
0
0
191058
0
0
0
2708222
0
0
0
178950
0
0
0
2236349
0
0
0
181302
0
0
0
2688785
0
0
0
2637710
0
0
0
249926
0
0
0
2358993
0
0
0
186135
0
0
0
3089353
0
0
0
177391
0
0
0
2317901
0
0
0
175075
0
0
0
2263409
0
0
0
173653
0
0
0
2694018
0
0
0
2150612
0
0
0
248431
0
0
0
3386078
0
0
0
181302
0
0
0
2310717
0
0
0
190528
0
0
0
2724871
0
0
0
196107
0
0
0
2304062
0
0
0
2617489
0
0
0
236342
0
0
0
2741491
0
0
0
189836
0
0
0
2597668
0
0
0
180099
0
0
0
2258204
0
0
0
176169
0
0
0
2277266
0
0
0
175731
0
0
0
2717211
0
0
0
2609913
0
0
0
258223
0
0
0
2767256
0
0
0
180190
0
0
0
2359749
0
0
0
214762
0
0
0
2234516
0
0
0
185195
0
0
0
2671963
0
0
0
2118164
0
0
0
251796
0
0
0
2355646
0
0
0
193045
0
0
0
3144029
0
0
0
161673
0
0
0
2243496
0
0
0
163715
0
0
0
2261958
0
0
0
209756
0
0
0
3113987
0
0
0
2155435
0
0
0
266318
0
0
0
2799713
0
0
0
183071
0
0
0
2288490
0
0
0
154571
0
0
0
2768569
0
0
0
197641
0
0
0
2708807
0
0
0
172240
0
0
0
2666895
0
0
0
2659327
0
0
0
251267
0
0
0
3400409
0
0
0
179306
0
0
0
2247946
0
0
0
154179
0
0
0
2372421
0
0
0
172267
0
0
0
2734315
0
0
0
188377
0
0
0
5055035
0
0
0
2514101
0
0
0
262152
0
0
0
3125968
0
0
0
195661
0
0
0
2715771
0
0
0
174446
0
0
0
2660777
0
0
0
169522
0
0
0
2309961
0
0
0
202253
0
0
0
3139142
0
0
0
2254519
0
0
0
252954
0
0
0
2729438
0
0
0
172805
0
0
0
2714267
0
0
0
179479
0
0
0
2283848
0
0
0
182515
0
0
0
2222080
0
0
0
188714
0
0
0
2753543
0
0
0
2141486
0
0
0
263667
0
0
0
2757628
0
0
0
182642
0
0
0
2373097
0
0
0
157597
0
0
0
2730249
0
0
0
192971
0
0
0
2700819
0
0
0
2189733
0
0
0
267905
0
0
0
3424051
0
0
0
183973
0
0
0
2268104
0
0
0
190885
0
0
0
2286347
0
0
0
199035
0
0
0
2298719
0
0
0
2451019
0
0
0
249598
0
0
0
3108436
0
0
0
168118
0
0
0
2617808
0
0
0
188121
0
0
0
2272872
0
0
0
160032
0
0
0
2244345
0
0
0
172759
0
0
0
2755703
0
0
0
2128156
0
0
0
246161
0
0
0
3461768
0
0
0
185432
0
0
0
2272407
0
0
0
182851
0
0
0
2329927
0
0
0
193219
0
0
0
3136033
0
0
0
2154094
0
0
0
251020
0
0
0
3178080
0
0
0
164945
0
0
0
2283257
0
0
0
172878
0
0
0
2267950
0
0
0
192371
0
0
0
2725080
0
0
0
169040
0
0
0
2309468
0
0
0
2303286
0
0
0
249242
0
0
0
2317537
0
0
0
182989
0
0
0
2746460
0
0
0
170389
0
0
0
2212755
0
0
0
179679
0
0
0
2283038
0
0
0
2169501
0
0
0
237645
0
0
0
3137126
0
0
0
181685
0
0
0
2680543
0
0
0
150951
0
0
0
2627918
0
0
0
169377
0
0
0
2309222
0
0
0
2144440
0
0
0
249480
0
0
0
2936650
0
0
0
238967
0
0
0
2726274
0
0
0
232111
0
0
0
3296192
0
0
0
201979
0
0
0
3470210
0
0
0
2286311
0
0
0
267896
0
0
0
3054480
0
0
0
177482
0
0
0
2246742
0
0
0
178484
0
0
0
2355035
0
0
0
179032
0
0
0
2801700
0
0
0
211534
0
0
0
2804518
0
0
0
2794953
0
0
0
267587
0
0
0
2415891
0
0
0
193774
0
0
0
3140763
0
0
0
194093
0
0
0
2258048
0
0
0
192106
0
0
0
2633143
0
0
0
172467
0
0
0
2750663
0
0
0
2129096
0
0
0
233005
0
0
0
3177169
0
0
0
180582
0
0
0
2695604
0
0
0
181411
0
0
0
2692514
0
0
0
158655
0
0
0
2309586
0
0
0
187729
0
0
0
2229329
0
0
0
2344140
0
0
0
231747
0
0
0
3105171
0
0
0
189981
0
0
0
2311511
0
0
0
178157
0
0
0
3167396
0
0
0
172659
0
0
0
2700920
0
0
0
193902
0
0
0
2700556
0
0
0
2168563
0
0
0
249799
0
0
0
3130125
0
0
0
187674
0
0
0
2685175
0
0
0
191403
0
0
0
2353103
0
0
0
212683
0
0
0
2750909
0
0
0
2682239
0
0
0
236278
0
0
0
3238355
0
0
0
171893
0
0
0
2297206
0
0
0
240299
0
0
0
2539702
0
0
0
181466
0
0
0
2304717
0
0
0
2159309
0
0
0
249078
0
0
0
2726639
0
0
0
179441
0
0
0
2261212
0
0
0
173589
0
0
0
2372377
0
0
0
181813
0
0
0
2684417
0
0
0
176825
0
0
0
2745867
0
0
0
2145726
0
0
0
226039
0
0
0
2816160
0
0
0
182460
0
0
0
2282509
0
0
0
163496
0
0
0
2687644
0
0
0
154662
0
0
0
2799210
0
0
0
5274812
0
0
0
5274812
0
0
0
690583
0
0
0
3357250
0
0
0
396484
0
0
0
2155945
0
0
0
391770
0
0
0
2151705
0
0
0
400285
0
0
0
2077064
0
0
0
2377983
0
0
0
415712
0
0
0
2125795
0
0
0
412648
0
0
0
2273502
0
0
0
399228
0
0
0
2188867
0
0
0
413159
0
0
0
2130080
0
0
0
2495402
0
0
0
544235
0
0
0
3242675
0
0
0
399227
0
0
0
2215243
0
0
0
396110
0
0
0
2127910
0
0
0
415676
0
0
0
2190180
0
0
0
2365703
0
0
0
414800
0
0
0
2138449
0
0
0
406485
0
0
0
2198495
0
0
0
408509
0
0
0
2157623
0
0
0
397405
0
0
0
2112930
0
0
0
2347979
0
0
4171123